Flops:1769446912.0 params:11307172.0
learning_rate:0.05 epochnum:1 momentum:0.9 weight_decay:0.0001
train_acc:12.42 test_acc:17.74 train_loss:3.7287982107733217 test_loss:3.4144790172576904 train_top5_correct:34.854 test_top5_correct:45.53
