Flops:141103616.0 params:11219236.0
learning_rate:0.05 epochnum:1 momentum:0.9 weight_decay:0.0001
train_acc:14.636 test_acc:21.38 train_loss:3.6341117574735677 test_loss:3.205893000469932 train_top5_correct:38.876 test_top5_correct:50.88
